#RPLIDAR SCAN DATA
#COUNT=333
#Angule	Distance	Quality
13.4967 457.0 188
14.3097 465.0 188
17.8253 746.0 188
18.3856 781.0 188
19.1986 788.0 188
20.5609 756.0 188
22.6044 747.0 188
23.2965 747.0 188
25.5927 429.0 188
26.1530 435.0 188
25.4663 730.0 188
26.0156 727.0 188
27.5153 719.0 188
28.2019 716.0 188
28.7457 712.0 188
29.5587 708.0 188
30.2454 705.0 188
30.9375 703.0 188
35.6067 339.0 188
38.2159 333.0 188
51.4490 662.0 188
52.2455 662.0 188
52.9321 663.0 188
53.6243 662.0 188
54.3109 663.0 188
54.8712 664.0 188
55.6842 664.0 188
56.4807 665.0 188
57.0465 666.0 188
57.7332 666.0 188
58.2935 670.0 188
61.7322 321.0 188
62.2925 325.0 188
60.4797 672.0 188
61.0291 674.0 188
61.8420 675.0 188
62.5287 668.0 188
63.9020 685.0 188
64.4678 682.0 188
65.1379 684.0 188
65.9509 686.0 188
66.6376 688.0 188
67.1979 690.0 188
68.0109 691.0 188
68.7030 692.0 188
69.3896 696.0 188
69.9335 700.0 188
70.4993 702.0 188
71.1694 706.0 188
71.9824 711.0 188
72.6691 715.0 188
73.3392 716.0 188
73.9050 721.0 188
74.5917 726.0 188
76.3879 500.0 188
75.9485 733.0 188
77.1844 741.0 188
77.9974 745.0 188
78.7939 751.0 188
79.3542 755.0 188
80.0464 760.0 188
80.7166 764.0 188
81.4032 770.0 188
81.9525 778.0 188
82.6392 782.0 188
83.3258 788.0 188
83.9960 795.0 188
84.6826 802.0 188
85.4956 806.0 188
87.4841 571.0 188
88.1543 565.0 188
88.7146 557.0 188
89.5276 549.0 188
90.3241 544.0 188
91.1371 537.0 188
91.7029 530.0 188
92.3730 526.0 188
93.0597 520.0 188
93.9990 516.0 188
94.5593 524.0 188
95.2295 527.0 188
95.7953 534.0 188
96.6083 542.0 188
97.0422 550.0 188
97.6080 558.0 188
98.2782 566.0 188
98.9648 578.0 188
100.3876 794.0 188
101.2006 786.0 188
101.8872 775.0 188
102.5739 772.0 188
103.0133 870.0 188
103.6835 863.0 188
104.3701 854.0 188
105.0623 843.0 188
105.7489 846.0 188
132.6379 723.0 188
133.4509 709.0 188
134.1376 707.0 188
134.6979 709.0 188
135.4999 720.0 188
144.7449 242.0 188
146.0577 239.0 188
146.8542 237.0 188
148.6670 236.0 188
147.6068 234.0 188
148.2935 233.0 188
149.1064 231.0 188
151.5454 230.0 188
151.7322 228.0 188
152.9187 227.0 188
153.6053 226.0 188
154.1711 224.0 188
154.9841 223.0 188
154.9017 223.0 188
156.3409 223.0 188
157.0276 224.0 188
156.8408 224.0 188
158.4009 225.0 188
158.4668 225.0 188
159.2798 225.0 188
160.0928 226.0 188
159.5270 226.0 188
160.9662 226.0 188
162.5262 227.0 188
163.0756 228.0 188
162.1362 229.0 188
162.9492 229.0 188
164.7620 230.0 188
164.5752 231.0 188
165.8881 232.0 188
166.4374 232.0 188
167.7448 233.0 188
168.4369 234.0 188
169.3707 236.0 188
170.0574 237.0 188
168.9972 239.0 188
169.9200 241.0 188
170.4803 241.0 188
173.0457 241.0 188
175.5890 234.0 188
175.0287 236.0 188
178.8245 234.0 188
181.0107 232.0 188
181.0767 231.0 188
182.3895 228.0 188
181.9501 227.0 188
182.2632 226.0 188
184.4495 227.0 188
184.6198 227.0 188
185.8118 227.0 188
185.2460 227.0 188
186.6687 226.0 188
187.8552 226.0 188
188.5419 226.0 188
187.8552 226.0 188
189.9042 225.0 188
190.5908 224.0 188
190.4041 225.0 188
190.4480 224.0 188
192.6398 224.0 188
192.9529 224.0 188
194.0131 225.0 188
194.6832 226.0 188
194.2493 227.0 188
194.8096 228.0 188
195.7324 227.0 188
196.4191 228.0 188
198.1055 228.0 188
198.7921 227.0 188
199.4678 227.0 188
200.1544 226.0 188
200.8411 226.0 188
201.5112 226.0 188
202.0770 225.0 188
201.3904 225.0 188
202.6978 225.0 188
204.2468 225.0 188
203.8074 225.0 188
205.6201 225.0 188
206.3123 225.0 188
206.9824 225.0 188
207.6691 226.0 188
207.1088 226.0 188
208.0426 227.0 188
209.7290 227.0 188
210.4211 227.0 188
209.9652 228.0 188
210.9045 228.0 188
211.5912 229.0 188
213.1512 230.0 188
213.8434 230.0 188
214.5300 231.0 188
215.2002 232.0 188
215.8868 233.0 188
216.5735 235.0 188
217.2656 236.0 188
216.6998 237.0 188
218.1390 238.0 188
219.3256 240.0 188
219.3750 242.0 188
220.6824 244.0 188
220.1221 246.0 188
220.8087 248.0 188
222.2479 250.0 188
221.1823 253.0 188
222.6050 255.0 188
222.7917 258.0 188
223.4839 261.0 188
223.6707 264.0 188
224.2310 268.0 188
224.9176 271.0 188
226.3568 275.0 188
226.0272 279.0 188
227.5928 283.0 188
227.5269 288.0 188
228.4497 292.0 188
229.1364 296.0 188
229.9493 300.0 188
229.8889 305.0 188
230.4327 312.0 188
233.4045 692.0 188
234.0912 698.0 188
234.7614 703.0 188
235.3271 705.0 188
236.2610 705.0 188
236.8268 701.0 188
237.4969 693.0 188
238.3099 689.0 188
238.9966 685.0 188
239.6667 682.0 188
240.2325 682.0 188
240.9192 685.0 188
241.6058 688.0 188
242.2760 696.0 188
242.9681 704.0 188
243.5284 714.0 188
244.4678 712.0 188
244.8853 717.0 188
245.6982 722.0 188
246.2640 725.0 188
246.9342 727.0 188
247.6208 732.0 188
248.3075 734.0 188
248.9996 742.0 188
256.2341 233.0 188
256.9208 231.0 188
257.5909 229.0 188
258.2776 229.0 188
258.9642 226.0 188
259.6509 225.0 188
260.2002 228.0 188
259.1400 233.0 188
260.3265 234.0 188
262.3700 232.0 188
261.6833 231.0 188
262.1228 229.0 188
263.6829 226.0 188
265.1056 224.0 188
265.7922 222.0 188
266.4844 222.0 188
267.1545 223.0 188
267.0886 223.0 188
268.7311 568.0 188
269.4177 565.0 188
270.0934 564.0 188
270.7800 566.0 188
271.3239 567.0 188
272.1368 570.0 188
272.6862 572.0 188
273.4991 577.0 188
274.1693 587.0 188
274.7296 596.0 188
275.4053 601.0 188
275.9656 614.0 188
276.6357 614.0 188
277.2015 620.0 188
277.9980 634.0 188
278.6847 638.0 188
279.3549 635.0 188
279.9207 629.0 188
280.7172 625.0 188
281.5302 623.0 188
281.9531 621.0 188
282.8870 623.0 188
283.4363 624.0 188
284.1229 626.0 188
284.6667 627.0 188
285.3589 631.0 188
286.1554 634.0 188
286.8420 637.0 188
287.3859 653.0 188
288.6218 697.0 188
289.4348 678.0 188
290.1215 660.0 188
290.9344 648.0 188
291.6046 639.0 188
292.2968 630.0 188
292.8571 646.0 188
293.5437 627.0 188
294.3567 614.0 188
295.1532 600.0 188
295.8398 586.0 188
296.5265 577.0 188
297.3395 578.0 188
298.0151 579.0 188
298.8281 572.0 188
299.2621 573.0 188
299.9487 576.0 188
300.6354 578.0 188
301.4374 581.0 188
302.1240 586.0 188
303.7335 995.0 188
311.7316 158.0 188
321.4984 982.0 188
322.1851 976.0 188
322.8717 977.0 188
323.5583 983.0 188
324.7339 716.0 188
325.5469 715.0 188
326.2335 717.0 188
326.9037 719.0 188
327.4640 721.0 188
328.2770 739.0 188
328.7164 810.0 188
329.3866 821.0 188
331.3861 561.0 188
332.9517 443.0 188
333.6218 420.0 188
336.2915 363.0 188
337.0935 375.0 188
337.6538 368.0 188
339.0106 369.0 188
