#RPLIDAR SCAN DATA
#COUNT=318
#Angule	Distance	Quality
13.4528 457.0 188
14.1394 463.0 188
17.7924 745.0 188
18.3582 780.0 188
19.1547 784.0 188
20.5280 758.0 188
22.5769 748.0 188
23.2635 747.0 188
25.4498 429.0 188
26.1365 434.0 188
25.4333 730.0 188
25.9991 728.0 188
27.4988 720.0 188
28.1854 716.0 188
28.8556 713.0 188
29.5422 708.0 188
30.2344 706.0 188
30.7947 704.0 188
35.0903 346.0 188
51.6852 663.0 188
52.1246 662.0 188
52.8113 663.0 188
53.6078 662.0 188
54.2944 662.0 188
54.9811 663.0 188
55.6677 664.0 188
56.2335 665.0 188
56.9037 666.0 188
57.7167 668.0 188
58.4033 669.0 188
62.2760 325.0 188
60.3259 672.0 188
61.1389 674.0 188
61.8256 674.0 188
62.6221 668.0 188
63.7482 687.0 188
64.4348 683.0 188
65.2313 684.0 188
65.7916 686.0 188
66.4838 688.0 188
67.2803 691.0 188
67.8406 691.0 188
68.5272 692.0 188
69.2139 696.0 188
69.7632 700.0 188
70.5762 702.0 188
71.2628 706.0 188
71.9330 711.0 188
72.6196 714.0 188
73.1854 717.0 188
73.8721 722.0 188
74.6686 726.0 188
76.2341 500.0 188
75.9210 733.0 188
77.2778 740.0 188
77.8436 746.0 188
78.6511 752.0 188
79.2004 754.0 188
80.0134 759.0 188
80.7001 764.0 188
81.3867 770.0 188
82.0624 777.0 188
82.6227 783.0 188
83.2928 789.0 188
83.8586 794.0 188
84.5288 800.0 188
85.3418 806.0 188
87.3248 571.0 188
88.0115 565.0 188
88.9343 557.0 188
89.6210 551.0 188
90.1868 545.0 188
90.8569 538.0 188
91.6699 531.0 188
92.3401 526.0 188
93.1531 520.0 188
93.8397 516.0 188
94.3890 524.0 188
95.2020 526.0 188
95.8722 534.0 188
96.5588 540.0 188
96.9983 549.0 188
97.7948 557.0 188
98.4814 565.0 188
99.1516 574.0 188
100.3271 795.0 188
101.0138 786.0 188
101.6840 776.0 188
102.4969 773.0 188
102.9364 872.0 188
103.6066 864.0 188
104.2932 856.0 188
104.9799 846.0 188
105.6665 846.0 188
132.4677 745.0 188
133.4015 709.0 188
134.0936 706.0 188
134.7803 710.0 188
135.4504 718.0 188
136.0107 752.0 188
138.6090 3561.0 188
141.3556 771.0 188
142.1521 772.0 188
142.8387 783.0 188
144.8273 1273.0 188
145.5139 1288.0 188
146.0742 1310.0 188
146.7609 1319.0 188
152.8857 242.0 188
155.5774 240.0 188
155.2643 239.0 188
156.9507 237.0 188
156.0114 232.0 188
158.3240 222.0 188
159.0106 215.0 188
159.7028 214.0 188
160.3894 215.0 188
160.2026 216.0 188
161.7627 217.0 188
161.3232 221.0 188
161.5155 224.0 188
163.8281 225.0 188
163.6359 227.0 188
163.8281 229.0 188
166.1353 229.0 188
165.5750 230.0 188
167.2614 229.0 188
168.7170 855.0 188
169.3872 859.0 188
170.0739 875.0 188
170.6396 884.0 188
171.4362 883.0 188
172.6227 639.0 188
173.3093 636.0 188
173.9795 642.0 188
174.7925 649.0 188
175.4791 655.0 188
176.0284 663.0 188
176.7151 668.0 188
177.4017 668.0 188
178.1982 668.0 188
178.6377 671.0 188
179.4507 674.0 188
180.1373 680.0 188
180.8075 698.0 188
184.7296 552.0 188
185.4053 544.0 188
188.1519 371.0 188
188.8275 369.0 188
189.6405 370.0 188
190.2008 375.0 188
192.0575 475.0 188
192.6068 472.0 188
193.4198 470.0 188
193.9801 470.0 188
194.7931 469.0 188
195.4797 469.0 188
196.1719 465.0 188
196.7322 464.0 188
197.5452 463.0 188
198.2318 461.0 188
198.7921 458.0 188
199.4843 459.0 188
200.2917 459.0 188
200.8575 459.0 188
201.7969 458.0 188
206.6089 269.0 188
206.4166 271.0 188
207.4823 272.0 188
208.2953 273.0 188
209.1083 274.0 188
210.1685 275.0 188
210.7343 276.0 188
210.5420 278.0 188
211.7340 279.0 188
212.0416 280.0 188
213.3545 282.0 188
213.4204 283.0 188
214.4806 285.0 188
214.7937 286.0 188
215.1068 289.0 188
215.7935 290.0 188
216.9635 293.0 188
217.4030 295.0 188
217.7161 298.0 188
218.2654 301.0 188
218.8257 304.0 188
220.0122 308.0 188
220.5780 312.0 188
221.3745 316.0 188
221.3086 322.0 188
222.1216 327.0 188
223.0444 334.0 188
223.7311 339.0 188
223.7915 345.0 188
224.3573 349.0 188
225.4010 353.0 188
226.0931 359.0 188
226.4063 367.0 188
229.1693 2768.0 188
229.8560 2652.0 188
230.6689 2150.0 188
231.3391 2121.0 188
232.0313 2112.0 188
232.7179 2119.0 188
233.4045 2133.0 188
234.0747 2128.0 188
234.7614 2132.0 188
235.4480 2137.0 188
236.1401 2140.0 188
236.8268 2142.0 188
237.5134 2146.0 188
238.2001 2158.0 188
238.8867 2162.0 188
239.5734 2169.0 188
240.2655 2169.0 188
240.9357 2170.0 188
241.6223 2174.0 188
242.3090 2202.0 188
243.1219 1841.0 188
243.8086 1838.0 188
246.2476 556.0 188
246.9342 539.0 188
247.7472 534.0 188
248.4338 530.0 188
249.1205 528.0 188
249.8071 527.0 188
250.3564 526.0 188
251.1694 525.0 188
251.9824 526.0 188
252.6691 527.0 188
254.7290 534.0 188
255.2948 544.0 188
255.9814 550.0 188
261.2329 233.0 188
263.1555 233.0 188
262.0898 234.0 188
263.1555 234.0 188
264.4519 234.0 188
261.4526 556.0 188
262.1228 544.0 188
265.4187 560.0 188
266.2152 552.0 188
266.9019 550.0 188
267.7148 550.0 188
268.1543 552.0 188
268.8245 555.0 188
269.5111 557.0 188
270.3241 559.0 188
270.8734 563.0 188
271.4337 565.0 188
272.1204 573.0 188
272.9169 580.0 188
273.4827 586.0 188
274.2957 593.0 188
274.8395 597.0 188
275.5261 600.0 188
276.0919 605.0 188
276.7621 607.0 188
277.4487 620.0 188
278.1354 622.0 188
278.8275 621.0 188
279.6240 620.0 188
280.1843 624.0 188
280.8710 625.0 188
281.5576 628.0 188
282.1234 632.0 188
282.9364 637.0 188
283.4802 644.0 188
284.1669 651.0 188
284.7327 660.0 188
285.5457 667.0 188
286.1060 683.0 188
287.9022 789.0 188
288.5889 787.0 188
289.4019 784.0 188
290.0885 769.0 188
290.7806 770.0 188
291.3409 772.0 188
292.1375 775.0 188
292.8241 776.0 188
293.3899 783.0 188
293.9502 799.0 188
294.8895 786.0 188
295.7025 701.0 188
296.4990 695.0 188
297.0593 694.0 188
297.7460 702.0 188
298.4326 712.0 188
299.1248 716.0 188
300.5420 1015.0 188
301.2341 1012.0 188
301.9208 1006.0 188
302.6074 1002.0 188
303.2941 999.0 188
304.1071 998.0 188
311.2811 156.0 188
311.9678 158.0 188
312.6544 161.0 188
321.7950 977.0 188
322.4652 977.0 188
323.1519 977.0 188
324.4647 715.0 188
325.1514 715.0 188
325.7007 717.0 188
326.5137 718.0 188
327.2003 718.0 188
327.8870 723.0 188
328.4528 748.0 188
328.9966 819.0 188
329.6832 822.0 188
331.6827 568.0 188
333.3582 436.0 188
336.7310 365.0 188
337.2803 368.0 188
337.9669 371.0 188
338.4009 373.0 188
347.8546 389.0 188
